 1  1 1330    0
 1  2 1330    0
 1  3 1331   60
 1  4 1331    0
 1  5 1331    0
 1  6 1331    0
 1  7 1331    0
 1  8 1331    0
 1  9 1331    0
 1 10 1331    0
 1 11 1331    0
 1 12 1331    0
 1 13 1331    0
 1 14 1330  -60
 1 15 1330    0
 1 16 1330    0
 1 17 1330    0
 1 18 1330    0
 1 19 1329  -60
 1 20 1329    0
 1 21 1328  -60
 1 22 1328    0
 1 23 1328    0
 1 24 1327  -60
 1 25 1327    0
 1 26 1326  -60
 1 27 1326    0
 1 28 1325  -60
 1 29 1325    0
 1 30 1324  -60
 1 31 1323  -60
 2  1 1323    0
 2  2 1322  -60
 2  3 1321  -60
 2  4 1320  -60
 2  5 1320    0
 2  6 1319  -60
 2  7 1318  -60
 2  8 1317  -60
 2  9 1316  -60
 2 10 1316    0
 2 11 1315  -60
 2 12 1314  -60
 2 13 1313  -60
 2 14 1312  -60
 2 15 1311  -60
 2 16 1310  -60
 2 17 1309  -60
 2 18 1308  -60
 2 19 1307  -60
 2 20 1306  -60
 2 21 1305  -60
 2 22 1303 -120
 2 23 1302  -60
 2 24 1301  -60
 2 25 1300  -60
 2 26 1259  -60
 2 27 1258  -60
 2 28 1257  -60
 2 29 1256  -60
 3  1 1255  -60
 3  2 1254  -60
 3  3 1253  -60
 3  4 1252  -60
 3  5 1251  -60
 3  6 1249 -120
 3  7 1248  -60
 3  8 1247  -60
 3  9 1246  -60
 3 10 1244 -120
 3 11 1243  -60
 3 12 1242  -60
 3 13 1240 -120
 3 14 1239  -60
 3 15 1238  -60
 3 16 1236 -120
 3 17 1235  -60
 3 18 1234  -60
 3 19 1232 -120
 3 20 1231  -60
 3 21 1230  -60
 3 22 1229  -60
 3 23 1227 -120
 3 24 1226  -60
 3 25 1225  -60
 3 26 1223 -120
 3 27 1222  -60
 3 28 1221  -60
 3 29 1219 -120
 3 30 1218  -60
 3 31 1217  -60
 4  1 1215 -120
 4  2 1214  -60
 4  3 1213  -60
 4  4 1211 -120
 4  5 1210  -60
 4  6 1209  -60
 4  7 1207 -120
 4  8 1206  -60
 4  9 1205  -60
 4 10 1204  -60
 4 11 1202 -120
 4 12 1201  -60
 4 13 1200  -60
 4 14 1159  -60
 4 15 1157 -120
 4 16 1156  -60
 4 17 1155  -60
 4 18 1154  -60
 4 19 1153  -60
 4 20 1152  -60
 4 21 1150 -120
 4 22 1149  -60
 4 23 1148  -60
 4 24 1147  -60
 4 25 1146  -60
 4 26 1145  -60
 4 27 1144  -60
 4 28 1143  -60
 4 29 1142  -60
 4 30 1141  -60
 5  1 1140  -60
 5  2 1139  -60
 5  3 1138  -60
 5  4 1137  -60
 5  5 1136  -60
 5  6 1135  -60
 5  7 1134  -60
 5  8 1133  -60
 5  9 1132  -60
 5 10 1132    0
 5 11 1131  -60
 5 12 1130  -60
 5 13 1129  -60
 5 14 1128  -60
 5 15 1128    0
 5 16 1127  -60
 5 17 1126  -60
 5 18 1126    0
 5 19 1125  -60
 5 20 1124  -60
 5 21 1124    0
 5 22 1123  -60
 5 23 1123    0
 5 24 1122  -60
 5 25 1122    0
 5 26 1121  -60
 5 27 1121    0
 5 28 1121    0
 5 29 1120  -60
 5 30 1120    0
 5 31 1119  -60
 6  1 1119    0
 6  2 1119    0
 6  3 1119    0
 6  4 1118  -60
 6  5 1118    0
 6  6 1118    0
 6  7 1118    0
 6  8 1118    0
 6  9 1118    0
 6 10 1118    0
 6 11 1118    0
 6 12 1118    0
 6 13 1118    0
 6 14 1118    0
 6 15 1118    0
 6 16 1118    0
 6 17 1118    0
 6 18 1118    0
 6 19 1118    0
 6 20 1118    0
 6 21 1119   60
 6 22 1119    0
 6 23 1119    0
 6 24 1119    0
 6 25 1120   60
 6 26 1120    0
 6 27 1120    0
 6 28 1121   60
 6 29 1121    0
 6 30 1121    0
 7  1 1122   60
 7  2 1122    0
 7  3 1123   60
 7  4 1123    0
 7  5 1123    0
 7  6 1124   60
 7  7 1124    0
 7  8 1125   60
 7  9 1125    0
 7 10 1126   60
 7 11 1127   60
 7 12 1127    0
 7 13 1128   60
 7 14 1128    0
 7 15 1129   60
 7 16 1129    0
 7 17 1130   60
 7 18 1131   60
 7 19 1131    0
 7 20 1132   60
 7 21 1133   60
 7 22 1133    0
 7 23 1134   60
 7 24 1135   60
 7 25 1135    0
 7 26 1136   60
 7 27 1137   60
 7 28 1137    0
 7 29 1138   60
 7 30 1139   60
 7 31 1139    0
 8  1 1140   60
 8  2 1141   60
 8  3 1141    0
 8  4 1142   60
 8  5 1143   60
 8  6 1144   60
 8  7 1144    0
 8  8 1145   60
 8  9 1146   60
 8 10 1146    0
 8 11 1147   60
 8 12 1148   60
 8 13 1148    0
 8 14 1149   60
 8 15 1150   60
 8 16 1150    0
 8 17 1151   60
 8 18 1152   60
 8 19 1153   60
 8 20 1153    0
 8 21 1154   60
 8 22 1155   60
 8 23 1155    0
 8 24 1156   60
 8 25 1157   60
 8 26 1157    0
 8 27 1158   60
 8 28 1159   60
 8 29 1159    0
 8 30 1200   60
 8 31 1201   60
 9  1 1201    0
 9  2 1202   60
 9  3 1203   60
 9  4 1203    0
 9  5 1204   60
 9  6 1204    0
 9  7 1205   60
 9  8 1206   60
 9  9 1206    0
 9 10 1207   60
 9 11 1208   60
 9 12 1208    0
 9 13 1209   60
 9 14 1210   60
 9 15 1210    0
 9 16 1211   60
 9 17 1212   60
 9 18 1212    0
 9 19 1213   60
 9 20 1214   60
 9 21 1214    0
 9 22 1215   60
 9 23 1216   60
 9 24 1216    0
 9 25 1217   60
 9 26 1218   60
 9 27 1218    0
 9 28 1219   60
 9 29 1220   60
 9 30 1220    0
10  1 1221   60
10  2 1222   60
10  3 1222    0
10  4 1223   60
10  5 1224   60
10  6 1224    0
10  7 1225   60
10  8 1226   60
10  9 1227   60
10 10 1227    0
10 11 1228   60
10 12 1229   60
10 13 1230   60
10 14 1230    0
10 15 1231   60
10 16 1232   60
10 17 1233   60
10 18 1233    0
10 19 1234   60
10 20 1235   60
10 21 1236   60
10 22 1237   60
10 23 1237    0
10 24 1238   60
10 25 1239   60
10 26 1240   60
10 27 1241   60
10 28 1242   60
10 29 1242    0
10 30 1243   60
10 31 1244   60
11  1 1245   60
11  2 1246   60
11  3 1247   60
11  4 1248   60
11  5 1248    0
11  6 1249   60
11  7 1250   60
11  8 1251   60
11  9 1252   60
11 10 1253   60
11 11 1254   60
11 12 1255   60
11 13 1256   60
11 14 1257   60
11 15 1257    0
11 16 1258   60
11 17 1259   60
11 18 1300   60
11 19 1301   60
11 20 1302   60
11 21 1303   60
11 22 1304   60
11 23 1305   60
11 24 1306   60
11 25 1307   60
11 26 1307    0
11 27 1308   60
11 28 1309   60
11 29 1310   60
11 30 1311   60
12  1 1312   60
12  2 1313   60
12  3 1314   60
12  4 1314    0
12  5 1315   60
12  6 1316   60
12  7 1317   60
12  8 1318   60
12  9 1318    0
12 10 1319   60
12 11 1320   60
12 12 1320    0
12 13 1321   60
12 14 1322   60
12 15 1323   60
12 16 1323    0
12 17 1324   60
12 18 1324    0
12 19 1325   60
12 20 1325    0
12 21 1326   60
12 22 1327   60
12 23 1327    0
12 24 1327    0
12 25 1328   60
12 26 1328    0
12 27 1329   60
12 28 1329    0
12 29 1329    0
12 30 1330   60
12 31 1330    0
