 1  1 2331   60
 1  2 2332   60
 1  3 2333   60
 1  4 2333    0
 1  5 2334   60
 1  6 2335   60
 1  7 2336   60
 1  8 2337   60
 1  9 2337    0
 1 10 2338   60
 1 11 2339   60
 1 12 2340   60
 1 13 2341   60
 1 14 2342   60
 1 15 2343   60
 1 16 2344   60
 1 17 2345   60
 1 18 2346   60
 1 19 2347   60
 1 20 2347    0
 1 21 2348   60
 1 22 2349   60
 1 23 2350   60
 1 24 2351   60
 1 25 2352   60
 1 26 2353   60
 1 27 2354   60
 1 28 2355   60
 1 29 2356   60
 1 30 2357   60
 1 31 2358   60
 2  1 2359   60
 2  3 0001  120
 2  4 0002   60
 2  5 0003   60
 2  6 0004   60
 2  7 0005   60
 2  8 0006   60
 2  9 0006    0
 2 10 0007   60
 2 11 0008   60
 2 12 0009   60
 2 13 0010   60
 2 14 0011   60
 2 15 0012   60
 2 16 0013   60
 2 17 0014   60
 2 18 0015   60
 2 19 0015    0
 2 20 0016   60
 2 21 0017   60
 2 22 0018   60
 2 23 0019   60
 2 24 0020   60
 2 25 0021   60
 2 26 0021    0
 2 27 0022   60
 2 28 0023   60
 2 29 0024   60
 3  1 0024    0
 3  2 0025   60
 3  3 0025    0
 3  4 0026   60
 3  5 0027   60
 3  6 0028   60
 3  7 0029   60
 3  8 0029    0
 3  9 0030   60
 3 10 0031   60
 3 11 0032   60
 3 12 0032    0
 3 13 0033   60
 3 14 0034   60
 3 15 0035   60
 3 16 0035    0
 3 17 0036   60
 3 18 0037   60
 3 19 0038   60
 3 20 0038    0
 3 21 0039   60
 3 22 0040   60
 3 23 0041   60
 3 24 0041    0
 3 25 0042   60
 3 26 0043   60
 3 27 0043    0
 3 28 0044   60
 3 29 0045   60
 3 30 0046   60
 3 31 0046    0
 4  1 0047   60
 4  2 0048   60
 4  3 0049   60
 4  4 0049    0
 4  5 0050   60
 4  6 0051   60
 4  7 0051    0
 4  8 0052   60
 4  9 0053   60
 4 10 0054   60
 4 11 0054    0
 4 12 0055   60
 4 13 0056   60
 4 14 0056    0
 4 15 0057   60
 4 16 0058   60
 4 17 0059   60
 4 18 0059    0
 4 19 0100   60
 4 20 0101   60
 4 21 0102   60
 4 22 0102    0
 4 23 0103   60
 4 24 0104   60
 4 25 0105   60
 4 26 0105    0
 4 27 0106   60
 4 28 0107   60
 4 29 0108   60
 4 30 0108    0
 5  1 0109   60
 5  2 0110   60
 5  3 0111   60
 5  4 0111    0
 5  5 0112   60
 5  6 0113   60
 5  7 0113    0
 5  8 0114   60
 5  9 0115   60
 5 10 0116   60
 5 11 0116    0
 5 12 0117   60
 5 13 0118   60
 5 14 0119   60
 5 15 0119    0
 5 16 0120   60
 5 17 0121   60
 5 18 0122   60
 5 19 0122    0
 5 20 0123   60
 5 21 0124   60
 5 22 0124    0
 5 23 0125   60
 5 24 0126   60
 5 25 0126    0
 5 26 0127   60
 5 27 0128   60
 5 28 0128    0
 5 29 0129   60
 5 30 0129    0
 5 31 0130   60
 6  1 0131   60
 6  2 0131    0
 6  3 0132   60
 6  4 0132    0
 6  5 0133   60
 6  6 0133    0
 6  7 0134   60
 6  8 0134    0
 6  9 0135   60
 6 10 0135    0
 6 11 0136   60
 6 12 0136    0
 6 13 0137   60
 6 14 0137    0
 6 15 0137    0
 6 16 0138   60
 6 17 0138    0
 6 18 0138    0
 6 19 0138    0
 6 20 0139   60
 6 21 0139    0
 6 22 0139    0
 6 23 0139    0
 6 24 0139    0
 6 25 0140   60
 6 26 0140    0
 6 27 0140    0
 6 28 0140    0
 6 29 0140    0
 6 30 0140    0
 7  1 0140    0
 7  2 0140    0
 7  3 0140    0
 7  4 0140    0
 7  5 0139  -60
 7  6 0139    0
 7  7 0139    0
 7  8 0139    0
 7  9 0139    0
 7 10 0138  -60
 7 11 0138    0
 7 12 0138    0
 7 13 0137  -60
 7 14 0137    0
 7 15 0137    0
 7 16 0136  -60
 7 17 0136    0
 7 18 0135  -60
 7 19 0135    0
 7 20 0134  -60
 7 21 0134    0
 7 22 0133  -60
 7 23 0133    0
 7 24 0132  -60
 7 25 0131  -60
 7 26 0131    0
 7 27 0130  -60
 7 28 0129  -60
 7 29 0129    0
 7 30 0128  -60
 7 31 0127  -60
 8  1 0126  -60
 8  2 0125  -60
 8  3 0124  -60
 8  4 0124    0
 8  5 0123  -60
 8  6 0122  -60
 8  7 0121  -60
 8  8 0120  -60
 8  9 0119  -60
 8 10 0118  -60
 8 11 0117  -60
 8 12 0116  -60
 8 13 0115  -60
 8 14 0114  -60
 8 15 0113  -60
 8 16 0112  -60
 8 17 0111  -60
 8 18 0109 -120
 8 19 0108  -60
 8 20 0107  -60
 8 21 0106  -60
 8 22 0105  -60
 8 23 0104  -60
 8 24 0102 -120
 8 25 0101  -60
 8 26 0100  -60
 8 27 0059  -60
 8 28 0057 -120
 8 29 0056  -60
 8 30 0055  -60
 8 31 0054  -60
 9  1 0052 -120
 9  2 0051  -60
 9  3 0050  -60
 9  4 0048 -120
 9  5 0047  -60
 9  6 0046  -60
 9  7 0044 -120
 9  8 0043  -60
 9  9 0042  -60
 9 10 0040 -120
 9 11 0039  -60
 9 12 0038  -60
 9 13 0036 -120
 9 14 0035  -60
 9 15 0034  -60
 9 16 0032 -120
 9 17 0031  -60
 9 18 0030  -60
 9 19 0028 -120
 9 20 0027  -60
 9 21 0025 -120
 9 22 0024  -60
 9 23 0023  -60
 9 24 0021 -120
 9 25 0020  -60
 9 26 0019  -60
 9 27 0017 -120
 9 28 0016  -60
 9 29 0015  -60
 9 30 0013 -120
10  1 0012  -60
10  2 0011  -60
10  3 0009 -120
10  4 0008  -60
10  5 0007  -60
10  6 0005 -120
10  7 0004  -60
10  8 0003  -60
10  9 0001 -120
10 10 0000  -60
10 10 2359  -60
10 11 2359  -60
10 12 2358  -60
10 13 2356 -120
10 14 2355  -60
10 15 2354  -60
10 16 2353  -60
10 17 2352  -60
10 18 2351  -60
10 19 2349 -120
10 20 2348  -60
10 21 2347  -60
10 22 2346  -60
10 23 2345  -60
10 24 2344  -60
10 25 2343  -60
10 26 2342  -60
10 27 2341  -60
10 28 2340  -60
10 29 2339  -60
10 30 2338  -60
10 31 2337  -60
11  1 2336  -60
11  2 2335  -60
11  3 2334  -60
11  4 2333  -60
11  5 2332  -60
11  6 2332    0
11  7 2331  -60
11  8 2330  -60
11  9 2329  -60
11 10 2329    0
11 11 2328  -60
11 12 2327  -60
11 13 2327    0
11 14 2326  -60
11 15 2325  -60
11 16 2325    0
11 17 2324  -60
11 18 2324    0
11 19 2323  -60
11 20 2323    0
11 21 2322  -60
11 22 2322    0
11 23 2322    0
11 24 2321  -60
11 25 2321    0
11 26 2321    0
11 27 2321    0
11 28 2320  -60
11 29 2320    0
11 30 2320    0
12  1 2320    0
12  2 2320    0
12  3 2320    0
12  4 2320    0
12  5 2320    0
12  6 2320    0
12  7 2320    0
12  8 2320    0
12  9 2320    0
12 10 2320    0
12 11 2320    0
12 12 2321   60
12 13 2321    0
12 14 2321    0
12 15 2322   60
12 16 2322    0
12 17 2322    0
12 18 2323   60
12 19 2323    0
12 20 2324   60
12 21 2324    0
12 22 2325   60
12 23 2325    0
12 24 2326   60
12 25 2326    0
12 26 2327   60
12 27 2327    0
12 28 2328   60
12 29 2329   60
12 30 2329    0
12 31 2330   60
